2 7 30 0 6 25 26
1 3 8 0 7 9 26
2 4 9 0 26 27 28
3 5 10 0 9 11 28
4 6 11 0 28 29 30
5 7 12 0 1 11 30
1 6 13 0 2 8 12
2 9 14 0 7 13 15
3 8 15 0 2 4 10
4 16 17 0 9 11 15
5 12 17 0 4 6 10
6 11 18 0 7 13 17
7 19 0 8 12 14 18
8 15 20 0 13 19 21
8 14 21 0 8 10 16
10 22 23 0 15 17 21
10 11 23 0 12 16 18
12 24 0 13 17 19 23
13 25 0 14 18 20 24
14 21 26 0 19 25 27
15 20 27 0 14 16 27
16 28 0 21 23 27 29
16 17 29 0 17 22 24
18 25 30 0 19 23 29
19 24 26 0 1 20 30
20 25 27 0 1 2 3
21 26 28 0 3 20 22
22 27 29 0 3 4 5
23 28 30 0 5 22 24
1 24 29 0 5 6 25