7 25 0 2 6 26 30
7 26 0 1 3 8 9
4 28 0 2 9 26 27
3 0 5 9 10 11 28
11 28 0 4 6 29 30
7 11 0 1 5 12 30
1 2 6 0 8 12 13
9 0 2 7 13 14 15
8 10 0 2 3 4 15
9 16 0 4 11 15 17
5 6 0 4 10 12 17
17 18 0 6 7 11 13
14 19 0 7 8 12 18
13 19 0 8 15 20 21
16 0 8 9 10 14 21
10 15 0 17 21 22 23
12 23 0 10 11 17 18
12 23 24 0 13 17 19
13 14 0 18 20 24 25
21 26 0 14 19 25 27
20 22 0 14 15 16 27
21 0 16 23 27 28 29
17 18 0 16 22 24 29
18 29 0 19 23 25 30
20 24 30 0 1 19 20 26
2 20 0 1 3 25 27
28 0 3 20 21 22 26 
3 5 27 0 4 22 29
24 30 0 5 22 23 28
1 29 0 5 6 24 25