6 26 0 2 7 30 25
8 26 0 1 3 7 9
26 27 28 0 2 9 4
9 28 0 3 5 10 11
28 29 30 0 4 11 6
1 30 7 0 5 11 12
6 12 8 0 1 2 13
2 7 15 0 9 13 14
4 10 0 2 3 8 15
9 11 15 0 4 16 17
10 12 17 0 4 5 6
7 11 13 0 6 17 18
12 18 0 7 8 14 19
15 19 21 0 8 13 20
8 10 21 0 9 14 16
17 23 0 10 15 21 22
11 16 18 0 10 12 23
13 17 19 0 12 23 24
14 18 24 0 13 20 25
25 27 0 14 19 21 26
14 15 0 16 20 22 27
23 27 29 0 16 21 28
16 22 0 17 18 24 29
19 25 29 0 18 23 30
20 24 30 0 1 19 26
1 2 3 0 20 25 27
3 20 22 0 21 26 28
3 4 5 0 22 27 29
5 22 24 0 23 28 30
5 25 0 1 6 24 29