2 6 30 0 7 25 26
1 3 9 0 7 8 26
2 4 0 9 26 27 28
3 5 11 0 9 10 28
4 6 0 11 28 29 30
1 5 0 7 11 12 30
8 13 0 1 2 6 12
7 9 15 0 2 13 14
2 8 10 0 3 4 15
9 11 17 0 4 15 16
4 10 12 0 5 6 17
11 13 0 6 7 17 18
7 12 0 8 14 18 19
15 19 21 0 8 13 20
8 14 16 0 9 10 21
15 17 21 0 10 22 23
10 16 18 0 11 12 23
17 23 0 12 13 19 24
14 20 0 13 18 24 25
19 21 25 0 14 26 27
14 16 20 0 15 22 27
23 27 0 16 21 28 29
18 22 24 0 16 17 29
23 29 0 18 19 25 30
20 26 0 1 19 24 30
25 27 0 1 2 3 20
22 26 28 0 20 21 3
27 29 0 3 4 5 22
24 28 30 0 22 23 5
1 29 0 5 6 24 25