2 7 30 0 25 26 6
1 8 9 0 3 7 26
9 26 28 0 2 4 27
5 11 28 0 3 9 10
4 6 0 11 28 29 30
5 7 30 0 1 11 12
1 6 12 0 2 8 13
2 9 15 0 7 13 14
2 3 8 0 4 10 15
11 15 16 0 4 9 17
4 10 12 0 5 6 17
7 11 17 0 6 13 18
14 19 0 7 8 12 18
13 21 0 8 15 19 20
8 10 21 0 9 14 16
10 17 23 0 15 21 22
12 16 18 0 10 11 23
17 19 24 0 12 13 23
13 18 20 0 14 24 25
19 25 27 0 14 21 26
14 15 27 0 16 20 22
23 28 29 0 16 21 27
16 22 29 0 17 18 24
18 29 30 0 19 23 25
20 26 30 0 1 19 24
3 25 27 0 1 2 20
20 21 26 0 3 22 28
3 4 22 0 5 27 29
22 23 24 0 5 28 30 
1 6 24 0 5 25 29